9 0.2125 0.65859375 0.134375 0.2265625
9 0.828125 0.41015625 0.0703125 0.134375
9 0.59765625 0.4484375 0.06875 0.1375
9 0.68515625 0.52109375 0.090625 0.1875
4 0.3609375 0.96328125 0.09375 0.0734375
7 0.2203125 0.47890625 0.15390625 0.15703125
7 0.6125 0.34921875 0.059375 0.1125
7 0.6484375 0.34921875 0.09765625 0.09453125
7 0.68515625 0.39375 0.08203125 0.1125
7 0.74453125 0.33828125 0.065625 0.059375
7 0.81640625 0.29609375 0.05546875 0.07265625
7 0.87109375 0.1546875 0.09375 0.0625
5 0.34921875 0.6875 0.03984375 0.09296875
8 0.88984375 0.2640625 0.1265625 0.20078125