3 0.4140625 0.3296875 0.0484375 0.06875
3 0.234375 0.3359375 0.040625 0.0421875
3 0.3421875 0.34609375 0.0296875 0.0375
9 0.2875 0.36015625 0.04375 0.078125
9 0.19375 0.378125 0.040625 0.0546875
9 0.3328125 0.3796875 0.0390625 0.0390625
3 0.6625 0.39453125 0.034375 0.034375
9 0.4828125 0.39921875 0.025 0.075
3 0.4625 0.4015625 0.021875 0.0328125
3 0.5234375 0.40546875 0.0296875 0.0515625
9 0.62109375 0.4109375 0.040625 0.0828125
9 0.69296875 0.42421875 0.0265625 0.0578125
9 0.5515625 0.4296875 0.03125 0.0453125
9 0.334375 0.44140625 0.0359375 0.1046875
9 0.51484375 0.44453125 0.015625 0.046875
9 0.5421875 0.446875 0.053125 0.1296875
9 0.2359375 0.45234375 0.0703125 0.1484375
9 0.46640625 0.490625 0.025 0.10625
9 0.653125 0.51328125 0.075 0.159375
9 0.4015625 0.5265625 0.0890625 0.25
0 0.19453125 0.71640625 0.053125 0.12421875
0 0.2578125 0.7109375 0.040625 0.1140625
0 0.3546875 0.86796875 0.053125 0.10078125
0 0.45 0.86953125 0.059375 0.13984375
0 0.5203125 0.66875 0.03046875 0.06953125
0 0.5640625 0.69140625 0.028125 0.1
0 0.6359375 0.7453125 0.04765625 0.14609375
0 0.7109375 0.73125 0.05546875 0.12734375
1 0.31015625 0.31171875 0.025 0.05546875
1 0.69140625 0.36796875 0.05546875 0.0609375
1 0.634375 0.3671875 0.0265625 0.04140625