3 0.48828125 0.30078125 0.078125 0.08125
3 0.71796875 0.35546875 0.034375 0.0578125
3 0.95625 0.3921875 0.059375 0.05625
3 0.34140625 0.39453125 0.04375 0.06875
3 0.44765625 0.4109375 0.021875 0.0390625
3 0.5890625 0.43203125 0.028125 0.0421875
9 0.715625 0.5046875 0.0734375 0.1953125
9 0.34609375 0.55390625 0.0796875 0.2265625
9 0.5890625 0.5578125 0.059375 0.15625
9 0.9453125 0.6265625 0.10625 0.3015625
9 0.4703125 0.628125 0.14375 0.3984375
1 0.30390625 0.578125 0.04296875 0.121875
1 0.38671875 0.57421875 0.0484375 0.13515625
1 0.6171875 0.5609375 0.05546875 0.121875
1 0.68203125 0.534375 0.03671875 0.121875
1 0.76328125 0.53203125 0.075 0.1375
1 0.88671875 0.65703125 0.0640625 0.22890625