3 0.25859375 0.2125 0.0265625 0.0421875
3 0.5484375 0.228125 0.025 0.0484375
3 0.375 0.24609375 0.028125 0.0453125
3 0.61484375 0.25546875 0.0265625 0.0453125
3 0.43828125 0.27421875 0.028125 0.046875
3 0.50390625 0.28828125 0.021875 0.03125
9 0.55 0.334375 0.0546875 0.128125
3 0.2546875 0.34296875 0.0625 0.1578125
9 0.5671875 0.34765625 0.0203125 0.0921875
9 0.36875 0.3484375 0.0390625 0.1296875
9 0.43515625 0.3578125 0.0484375 0.115625
9 0.34375 0.35859375 0.025 0.0703125
9 0.5 0.375 0.0421875 0.115625
9 0.51796875 0.375 0.01875 0.071875
9 0.6125 0.375 0.059375 0.1546875
9 0.4609375 0.38203125 0.0140625 0.046875
9 0.4765625 0.384375 0.0140625 0.0609375
9 0.4125 0.3875 0.0125 0.0515625
9 0.58125 0.421875 0.015625 0.071875
9 0.6390625 0.42421875 0.0234375 0.0640625
0 0.23203125 0.56796875 0.0484375 0.06796875
0 0.28203125 0.575 0.03984375 0.06875
0 0.3515625 0.521875 0.03203125 0.06015625
0 0.375 0.51875 0.02734375 0.059375
0 0.534375 0.5203125 0.01484375 0.08046875
0 0.5625 0.5375 0.0265625 0.07890625
0 0.6359375 0.57265625 0.04140625 0.1125
0 0.6015625 0.56953125 0.0375 0.09375
0 0.425 0.51484375 0.03125 0.0640625
0 0.44609375 0.5234375 0.0328125 0.06796875
0 0.4828125 0.51875 0.03515625 0.04921875
0 0.51171875 0.52109375 0.01796875 0.040625