0 0.5458984375 0.5458984375 0.244140625 0.6591796875
0 0.2001953125 0.5224609375 0.400390625 0.6669921875
4 0.19140625 0.2880859375 0.265625 0.1435546875
4 0.314453125 0.3447265625 0.1015625 0.072265625
0 0.314453125 0.4140625 0.126953125 0.232421875
4 0.541015625 0.3115234375 0.162109375 0.154296875
4 0.4072265625 0.3349609375 0.1220703125 0.0830078125
0 0.392578125 0.548828125 0.119140625 0.5361328125
9 0.8291015625 0.6982421875 0.341796875 0.298828125
4 0.8056640625 0.3115234375 0.388671875 0.275390625
9 0.396484375 0.5908203125 0.1171875 0.271484375
9 0.2958984375 0.474609375 0.0673828125 0.1064453125
9 0.0400390625 0.505859375 0.0703125 0.1748046875
0 0.8115234375 0.5244140625 0.376953125 0.6845703125
4 0.0458984375 0.353515625 0.078125 0.072265625
9 0.5458984375 0.658203125 0.201171875 0.3701171875