2 0.2359375 0.4375 0.09296875 0.04921875
2 0.60859375 0.51171875 0.0796875 0.04765625
3 0.23828125 0.378125 0.10859375 0.10546875
3 0.4140625 0.36875 0.10078125 0.11875
3 0.61328125 0.459375 0.10703125 0.109375
3 0.79375 0.334375 0.10390625 0.1015625
9 0.20546875 0.71875 0.2234375 0.41640625
9 0.40546875 0.71015625 0.1921875 0.42890625
9 0.61875 0.75625 0.23203125 0.3453125
9 0.85703125 0.70703125 0.2578125 0.43046875
6 0.4171875 0.428125 0.0609375 0.0609375
6 0.79296875 0.40625 0.0921875 0.046875