4 0.6982421875 0.494140625 0.046875 0.068359375
4 0.794921875 0.505859375 0.0888671875 0.068359375
4 0.8388671875 0.4892578125 0.0517578125 0.060546875
4 0.8681640625 0.5029296875 0.037109375 0.0498046875
4 0.9013671875 0.529296875 0.056640625 0.0576171875
4 0.939453125 0.51171875 0.0576171875 0.0625
4 0.9765625 0.5 0.046875 0.056640625
9 0.458984375 0.5419921875 0.072265625 0.1015625
9 0.546875 0.6484375 0.1171875 0.1748046875
0 0.869140625 0.5625 0.0498046875 0.224609375
0 0.8984375 0.619140625 0.0654296875 0.263671875
0 0.935546875 0.623046875 0.119140625 0.328125
4 0.4658203125 0.4814453125 0.041015625 0.044921875
4 0.546875 0.529296875 0.068359375 0.0625
4 0.6328125 0.4892578125 0.0732421875 0.0517578125
9 0.94921875 0.6103515625 0.0654296875 0.15625
9 0.9072265625 0.6171875 0.072265625 0.1298828125
9 0.8701171875 0.5947265625 0.080078125 0.169921875
9 0.80859375 0.662109375 0.146484375 0.234375
9 0.7099609375 0.59765625 0.080078125 0.1513671875
9 0.6484375 0.63671875 0.1220703125 0.203125
9 0.9814453125 0.607421875 0.037109375 0.16015625
0 0.97265625 0.576171875 0.0546875 0.224609375
0 0.462890625 0.603515625 0.076171875 0.279296875
0 0.55078125 0.638671875 0.111328125 0.28125
0 0.6708984375 0.6240234375 0.1640625 0.326171875
0 0.705078125 0.630859375 0.095703125 0.2998046875
0 0.8291015625 0.6171875 0.1611328125 0.3251953125
0 0.853515625 0.5712890625 0.119140625 0.2763671875