0 0.75390625 0.4794921875 0.484375 0.953125
9 0.513671875 0.7421875 0.318359375 0.515625
9 0.2548828125 0.65234375 0.3720703125 0.6640625
0 0.2451171875 0.5107421875 0.421875 0.9482421875
8 0.4169921875 0.75390625 0.091796875 0.1220703125
4 0.615234375 0.0537109375 0.1767578125 0.107421875
4 0.408203125 0.333984375 0.162109375 0.099609375
0 0.4970703125 0.6337890625 0.3984375 0.7265625
0 0.7470703125 0.498046875 0.505859375 0.99609375
0 0.25 0.513671875 0.4404296875 0.9716796875
8 0.7314453125 0.943359375 0.125 0.0908203125
0 0.4912109375 0.634765625 0.3779296875 0.7001953125
8 0.65625 0.927734375 0.0703125 0.115234375
8 0.498046875 0.912109375 0.083984375 0.1064453125
4 0.1533203125 0.1337890625 0.1875 0.1591796875
3 0.41796875 0.3916015625 0.0888671875 0.056640625
9 0.7822265625 0.5654296875 0.419921875 0.8017578125