1 0.5556640625 0.9482421875 0.046875 0.0673828125
0 0.8466796875 0.6064453125 0.146484375 0.787109375
0 0.9619140625 0.6123046875 0.076171875 0.775390625
0 0.5634765625 0.505859375 0.208984375 0.916015625
0 0.310546875 0.5771484375 0.3203125 0.845703125
1 0.6376953125 0.9267578125 0.0673828125 0.0673828125
1 0.939453125 0.9423828125 0.046875 0.0673828125
1 0.8583984375 0.927734375 0.046875 0.0673828125
1 0.76953125 0.9052734375 0.046875 0.0673828125
1 0.708984375 0.9052734375 0.046875 0.0673828125
9 0.9580078125 0.5185546875 0.083984375 0.326171875
9 0.8349609375 0.5126953125 0.1328125 0.275390625
9 0.6767578125 0.546875 0.15625 0.404296875
9 0.5595703125 0.431640625 0.15625 0.404296875
4 0.876953125 0.333984375 0.0751953125 0.111328125
4 0.728515625 0.3310546875 0.076171875 0.1064453125
4 0.6123046875 0.1416015625 0.091796875 0.115234375
4 0.388671875 0.248046875 0.115234375 0.1484375
2 0.201171875 0.8359375 0.0751953125 0.0654296875
2 0.3798828125 0.841796875 0.0546875 0.0732421875
9 0.3125 0.619140625 0.21875 0.5078125