9 0.287109375 0.6103515625 0.4892578125 0.3466796875
0 0.9248046875 0.623046875 0.115234375 0.2939453125
0 0.548828125 0.328125 0.201171875 0.2001953125
0 0.669921875 0.3935546875 0.1484375 0.212890625
0 0.75390625 0.6044921875 0.275390625 0.3173828125
0 0.279296875 0.5810546875 0.3095703125 0.4296875
9 0.90234375 0.6376953125 0.142578125 0.2919921875
9 0.4716796875 0.5615234375 0.4248046875 0.3828125
9 0.654296875 0.66796875 0.4501953125 0.2314453125
4 0.93359375 0.384765625 0.076171875 0.0654296875
4 0.802734375 0.3017578125 0.1845703125 0.123046875
4 0.9296875 0.533203125 0.080078125 0.169921875
4 0.751953125 0.5283203125 0.2236328125 0.2080078125
4 0.7001953125 0.3369140625 0.21875 0.1669921875
4 0.5537109375 0.2783203125 0.177734375 0.1357421875
4 0.341796875 0.287109375 0.1904296875 0.150390625
4 0.224609375 0.3017578125 0.158203125 0.119140625
4 0.203125 0.396484375 0.2001953125 0.208984375
4 0.076171875 0.314453125 0.1015625 0.1953125
4 0.357421875 0.4462890625 0.134765625 0.232421875