8 0.1748046875 0.42578125 0.1376953125 0.3310546875
0 0.314453125 0.4130859375 0.1015625 0.375
0 0.5078125 0.4169921875 0.0732421875 0.34375
0 0.669921875 0.6943359375 0.2001953125 0.4091796875
0 0.212890625 0.53515625 0.259765625 0.796875
9 0.2978515625 0.376953125 0.0703125 0.162109375
4 0.677734375 0.552734375 0.0888671875 0.134765625
0 0.591796875 0.4296875 0.083984375 0.3330078125
0 0.7578125 0.564453125 0.1376953125 0.3408203125
4 0.716796875 0.455078125 0.0703125 0.076171875
4 0.2470703125 0.2822265625 0.046875 0.0498046875
4 0.3076171875 0.267578125 0.0498046875 0.052734375
0 0.2412109375 0.37890625 0.064453125 0.2421875