9 0.197265625 0.521484375 0.1748046875 0.2060546875
4 0.6669921875 0.42578125 0.1171875 0.0732421875
9 0.3291015625 0.5361328125 0.140625 0.15625
9 0.671875 0.5751953125 0.1748046875 0.2060546875
2 0.5029296875 0.6328125 0.0751953125 0.0498046875
4 0.853515625 0.5009765625 0.0830078125 0.046875
2 0.865234375 0.6953125 0.0751953125 0.0498046875
2 0.435546875 0.6181640625 0.056640625 0.060546875
0 0.8642578125 0.5927734375 0.162109375 0.2919921875
0 0.693359375 0.537109375 0.166015625 0.326171875
0 0.53515625 0.5625 0.1435546875 0.228515625
0 0.37109375 0.505859375 0.1875 0.2685546875
0 0.173828125 0.4619140625 0.248046875 0.302734375
8 0.845703125 0.537109375 0.09375 0.037109375
8 0.6591796875 0.4521484375 0.09375 0.037109375
8 0.546875 0.5068359375 0.09375 0.037109375
8 0.4111328125 0.4677734375 0.09375 0.037109375
9 0.529296875 0.609375 0.15625 0.123046875
9 0.865234375 0.6513671875 0.1279296875 0.1689453125
4 0.548828125 0.4814453125 0.09375 0.068359375
4 0.4091796875 0.427734375 0.1044921875 0.0673828125
4 0.2060546875 0.373046875 0.1064453125 0.0810546875