1 0.640625 0.748046875 0.0576171875 0.115234375
4 0.4189453125 0.3203125 0.052734375 0.0517578125
4 0.466796875 0.3955078125 0.041015625 0.041015625
4 0.2294921875 0.337890625 0.037109375 0.0576171875
4 0.33984375 0.3427734375 0.0390625 0.0390625
1 0.705078125 0.7021484375 0.037109375 0.111328125
1 0.564453125 0.6708984375 0.0390625 0.0986328125
9 0.654296875 0.509765625 0.091796875 0.1796875
1 0.525390625 0.6650390625 0.037109375 0.0654296875
0 0.53125 0.537109375 0.126953125 0.408203125
0 0.658203125 0.5732421875 0.169921875 0.501953125
0 0.408203125 0.6328125 0.25 0.708984375
9 0.5458984375 0.478515625 0.0625 0.1064453125
9 0.3955078125 0.5302734375 0.1171875 0.2529296875
9 0.3369140625 0.4404296875 0.052734375 0.119140625
9 0.236328125 0.4482421875 0.083984375 0.1875
4 0.5166015625 0.4072265625 0.03125 0.0673828125
4 0.6630859375 0.3955078125 0.041015625 0.041015625
0 0.236328125 0.5302734375 0.1484375 0.4794921875
1 0.265625 0.697265625 0.0341796875 0.1015625
1 0.365234375 0.875 0.052734375 0.0859375
1 0.4453125 0.8740234375 0.0732421875 0.1171875
1 0.197265625 0.7197265625 0.0341796875 0.072265625