2 0.666015625 0.533203125 0.0859375 0.0859375
2 0.466796875 0.560546875 0.072265625 0.099609375
2 0.251953125 0.5400390625 0.0654296875 0.072265625
2 0.2802734375 0.57421875 0.068359375 0.0830078125
2 0.0478515625 0.615234375 0.080078125 0.1123046875
1 0.927734375 0.876953125 0.1435546875 0.1123046875
1 0.87890625 0.8369140625 0.1748046875 0.0966796875
1 0.7080078125 0.837890625 0.123046875 0.0830078125
1 0.6875 0.81640625 0.103515625 0.0830078125
1 0.544921875 0.814453125 0.1123046875 0.095703125
1 0.4833984375 0.7900390625 0.095703125 0.0654296875
1 0.3447265625 0.810546875 0.1015625 0.0966796875
1 0.26953125 0.7841796875 0.068359375 0.083984375
1 0.08984375 0.826171875 0.078125 0.1142578125
1 0.021484375 0.833984375 0.0419921875 0.0966796875
4 0.8916015625 0.12890625 0.123046875 0.1279296875
4 0.693359375 0.23828125 0.0732421875 0.0732421875
4 0.501953125 0.26953125 0.080078125 0.0888671875
9 0.08203125 0.5673828125 0.162109375 0.5283203125
4 0.302734375 0.263671875 0.1123046875 0.078125
4 0.04296875 0.2451171875 0.0859375 0.1015625
9 0.912109375 0.513671875 0.173828125 0.6904296875
9 0.716796875 0.5673828125 0.189453125 0.5107421875
9 0.51953125 0.5615234375 0.197265625 0.470703125
0 0.083984375 0.5419921875 0.16796875 0.755859375
0 0.3046875 0.556640625 0.1923828125 0.6796875
0 0.5068359375 0.556640625 0.162109375 0.673828125
9 0.3203125 0.5478515625 0.169921875 0.494140625
0 0.7001953125 0.552734375 0.162109375 0.7109375
0 0.8896484375 0.5009765625 0.220703125 0.873046875
2 0.8583984375 0.5166015625 0.0830078125 0.1279296875