5 0.6064453125 0.783203125 0.171875 0.0966796875
5 0.7265625 0.59375 0.171875 0.0966796875
5 0.87109375 0.365234375 0.171875 0.0966796875
0 0.4033203125 0.45703125 0.466796875 0.6357421875
0 0.716796875 0.2431640625 0.3203125 0.3193359375
8 0.3671875 0.4638671875 0.2587890625 0.2607421875
7 0.4580078125 0.1875 0.1982421875 0.1142578125
7 0.73046875 0.1298828125 0.1982421875 0.015625
6 0.4775390625 0.3017578125 0.1396484375 0.0556640625
6 0.740234375 0.1416015625 0.1396484375 0.0224609375
8 0.69140625 0.2822265625 0.2080078125 0.2099609375