0 0.7744140625 0.556640625 0.3857421875 0.4619140625
7 0.2470703125 0.3466796875 0.1103515625 0.1103515625
7 0.5048828125 0.314453125 0.125 0.1123046875
7 0.7265625 0.3955078125 0.1396484375 0.107421875
6 0.2431640625 0.37890625 0.078125 0.0458984375
6 0.494140625 0.3212890625 0.08203125 0.0625
6 0.7197265625 0.4091796875 0.0810546875 0.052734375
5 0.3515625 0.482421875 0.0908203125 0.1240234375
5 0.7919921875 0.732421875 0.1201171875 0.0888671875
5 0.6474609375 0.712890625 0.0751953125 0.09765625
0 0.2255859375 0.521484375 0.3154296875 0.48046875
0 0.4853515625 0.51953125 0.3408203125 0.5146484375
8 0.7294921875 0.6103515625 0.23828125 0.203125
8 0.5126953125 0.58984375 0.2734375 0.3681640625
8 0.2216796875 0.5703125 0.2421875 0.232421875