0 0.59765625 0.5556640625 0.216796875 0.4736328125
8 0.224609375 0.5380859375 0.197265625 0.310546875
8 0.41796875 0.5751953125 0.1669921875 0.296875
8 0.810546875 0.5771484375 0.1923828125 0.255859375
0 0.4326171875 0.5361328125 0.1875 0.509765625
4 0.458984375 0.3642578125 0.1376953125 0.0888671875
0 0.21484375 0.5283203125 0.2470703125 0.5439453125
4 0.26953125 0.333984375 0.142578125 0.0830078125
9 0.6181640625 0.546875 0.1435546875 0.2548828125
4 0.806640625 0.37109375 0.134765625 0.0986328125
0 0.8056640625 0.5517578125 0.2216796875 0.5263671875