9 0.2177734375 0.583984375 0.2705078125 0.1904296875
9 0.24609375 0.681640625 0.2626953125 0.1875
4 0.4296875 0.697265625 0.109375 0.0888671875
4 0.51171875 0.6396484375 0.099609375 0.078125
4 0.41015625 0.41796875 0.095703125 0.0732421875
4 0.3076171875 0.431640625 0.109375 0.0673828125
2 0.2578125 0.6328125 0.0908203125 0.064453125
2 0.2626953125 0.6630859375 0.0673828125 0.041015625
0 0.22265625 0.5693359375 0.3095703125 0.365234375
0 0.4794921875 0.4814453125 0.25 0.2548828125
8 0.310546875 0.4794921875 0.0888671875 0.0234375
8 0.4296875 0.447265625 0.0966796875 0.0439453125
8 0.458984375 0.490234375 0.0888671875 0.044921875