9 0.474609375 0.474609375 0.3095703125 0.1904296875
2 0.6318359375 0.341796875 0.134765625 0.091796875
1 0.8671875 0.505859375 0.1015625 0.0888671875
1 0.9130859375 0.416015625 0.103515625 0.1044921875
4 0.2265625 0.482421875 0.0966796875 0.1376953125
2 0.62109375 0.615234375 0.109375 0.078125
1 0.876953125 0.513671875 0.0732421875 0.0859375
1 0.9130859375 0.4208984375 0.080078125 0.083984375
2 0.630859375 0.337890625 0.1357421875 0.1123046875
2 0.6201171875 0.6103515625 0.130859375 0.0859375
9 0.470703125 0.474609375 0.2998046875 0.2314453125
4 0.2265625 0.48046875 0.0888671875 0.15625
0 0.5576171875 0.455078125 0.8642578125 0.421875