0 0.4052734375 0.5322265625 0.2783203125 0.533203125
4 0.755859375 0.4111328125 0.0390625 0.0341796875
4 0.59765625 0.41015625 0.0390625 0.044921875
4 0.3916015625 0.3193359375 0.107421875 0.083984375
4 0.2578125 0.365234375 0.095703125 0.0810546875
9 0.7509765625 0.455078125 0.0390625 0.0673828125
9 0.3681640625 0.4794921875 0.1904296875 0.248046875
9 0.220703125 0.4951171875 0.1298828125 0.203125
0 0.2275390625 0.55078125 0.1357421875 0.4794921875
0 0.5927734375 0.4619140625 0.080078125 0.1748046875
0 0.75390625 0.466796875 0.0732421875 0.1875