0 0.626953125 0.568359375 0.2919921875 0.6455078125
0 0.248046875 0.6396484375 0.2392578125 0.453125
4 0.5947265625 0.287109375 0.150390625 0.142578125
4 0.2080078125 0.4716796875 0.15625 0.138671875
4 0.373046875 0.3076171875 0.1201171875 0.146484375
4 0.6943359375 0.2080078125 0.146484375 0.1220703125
9 0.23828125 0.6826171875 0.224609375 0.322265625
9 0.7724609375 0.521484375 0.203125 0.5576171875
9 0.607421875 0.6259765625 0.3154296875 0.6064453125
4 0.8486328125 0.185546875 0.078125 0.1123046875
0 0.7431640625 0.46484375 0.228515625 0.625
0 0.4052734375 0.4287109375 0.2080078125 0.4169921875