3 0.6265625 0.1 0.13359375 0.15703125
3 0.2953125 0.18671875 0.14453125 0.15625
3 0.91875 0.22578125 0.08984375 0.16015625
3 0.47734375 0.27421875 0.140625 0.209375
9 0.15078125 0.52109375 0.2828125 0.62890625
9 0.69375 0.66015625 0.27421875 0.63515625
7 0.16328125 0.06875 0.1234375 0.1375
9 0.44375 0.74375 0.2171875 0.50625
3 0.13203125 0.8515625 0.16796875 0.26484375
3 0.9671875 0.23046875 0.065625 0.16015625
2 0.9671875 0.3578125 0.065625 0.07578125
9 0.9453125 0.73515625 0.109375 0.5296875
2 0.63671875 0.22421875 0.14765625 0.09921875
2 0.47421875 0.3984375 0.121875 0.08984375
2 0.30859375 0.2828125 0.1234375 0.08984375
6 0.16328125 0.13671875 0.121875 0.09140625