3 0.871875 0.2078125 0.0515625 0.0640625
3 0.35 0.21328125 0.04609375 0.0625
3 0.7015625 0.22890625 0.05625 0.05625
3 0.44375 0.23671875 0.05546875 0.05625
3 0.20703125 0.23828125 0.046875 0.0703125
3 0.51484375 0.2453125 0.046875 0.07265625
3 0.03515625 0.2671875 0.0484375 0.0703125
3 0.6 0.2734375 0.0484375 0.0703125
3 0.28046875 0.2921875 0.0515625 0.0703125
3 0.11640625 0.321875 0.046875 0.07265625
9 0.7859375 0.4296875 0.08125 0.32109375
9 0.3578125 0.45625 0.0875 0.27109375
9 0.5203125 0.46171875 0.078125 0.2734375
9 0.21171875 0.47109375 0.0890625 0.2875
9 0.70234375 0.47734375 0.07890625 0.275
9 0.44609375 0.48046875 0.08125 0.34765625
9 0.60859375 0.48671875 0.0875 0.25234375
9 0.86640625 0.49296875 0.046875 0.31875
9 0.9515625 0.49609375 0.096875 0.3703125
9 0.28125 0.49921875 0.0640625 0.2484375
9 0.0375 0.509375 0.06875 0.3109375
9 0.1265625 0.534375 0.08515625 0.26484375
3 0.775 0.14296875 0.0609375 0.07890625
3 0.83125 0.1921875 0.05078125 0.06640625
3 0.94140625 0.19375 0.084375 0.09765625