7 0.44765625 0.27890625 0.10234375 0.0765625
7 0.6765625 0.28515625 0.06875 0.04140625
7 0.15859375 0.290625 0.0875 0.07109375
7 0.5625 0.328125 0.06015625 0.05234375
7 0.28671875 0.3390625 0.08203125 0.08515625
9 0.884375 0.45234375 0.20390625 0.3828125
9 0.6796875 0.60390625 0.175 0.390625
9 0.146875 0.6171875 0.20390625 0.46875
9 0.4265625 0.60234375 0.16484375 0.36171875
7 0.87734375 0.14375 0.07734375 0.065625
6 0.44296875 0.34765625 0.0890625 0.046875
6 0.2875 0.3875 0.07109375 0.05078125
6 0.1609375 0.33515625 0.07890625 0.06171875
2 0.86328125 0.20078125 0.08515625 0.04296875
6 0.6796875 0.3328125 0.07109375 0.04140625