8 0.72109375 0.61484375 0.09375 0.240625
8 0.50234375 0.62890625 0.11953125 0.26015625
8 0.628125 0.640625 0.0640625 0.17421875
8 0.26875 0.6734375 0.140625 0.3578125
3 0.29140625 0.3640625 0.09375 0.09296875
3 0.7078125 0.38515625 0.08125 0.10078125
3 0.5109375 0.415625 0.07890625 0.07734375
3 0.6296875 0.4640625 0.05 0.0671875
3 0.92890625 0.21328125 0.14140625 0.18125
6 0.28359375 0.40859375 0.08046875 0.04140625
6 0.51328125 0.43515625 0.05546875 0.03671875
6 0.63671875 0.47421875 0.034375 0.02734375
6 0.70625 0.42265625 0.05546875 0.03671875
6 0.9109375 0.275 0.06875 0.09296875