3 0.63828125 0.36640625 0.04375 0.046875
3 0.63984375 0.475 0.04765625 0.0515625
3 0.45859375 0.49296875 0.0453125 0.0453125
3 0.72421875 0.50234375 0.0421875 0.046875
3 0.5609375 0.503125 0.04921875 0.0484375
3 0.3609375 0.50625 0.05 0.05546875
3 0.790625 0.51015625 0.03671875 0.0453125
3 0.125 0.521875 0.04765625 0.06875
3 0.2625 0.55859375 0.04296875 0.03984375
3 0.19453125 0.57578125 0.04765625 0.065625
9 0.54609375 0.6265625 0.09375 0.196875
9 0.6328125 0.62265625 0.07421875 0.2015625
9 0.7203125 0.63984375 0.07578125 0.165625
9 0.11015625 0.6546875 0.1015625 0.18515625
9 0.45078125 0.6578125 0.0859375 0.203125
9 0.79921875 0.66015625 0.08125 0.20859375
9 0.3609375 0.67109375 0.08984375 0.2046875
9 0.2640625 0.6953125 0.075 0.18984375
9 0.1859375 0.70703125 0.078125 0.18671875
3 0.56015625 0.125 0.0484375 0.06015625
3 0.475 0.13515625 0.03828125 0.0484375
9 0.55625 0.25078125 0.07734375 0.1734375
9 0.46875 0.259375 0.07421875 0.16328125
6 0.559375 0.14375 0.03515625 0.02578125
6 0.4734375 0.1515625 0.034375 0.02421875
6 0.79453125 0.53046875 0.0375 0.02890625
6 0.7234375 0.525 0.04375 0.03046875
6 0.63828125 0.49765625 0.046875 0.03125
6 0.5578125 0.5265625 0.04453125 0.03046875
6 0.45703125 0.51953125 0.0421875 0.0265625
6 0.36328125 0.53984375 0.046875 0.03046875
6 0.2625 0.58046875 0.04296875 0.03125
2 0.19375 0.59375 0.034375 0.02578125
2 0.12421875 0.53203125 0.03984375 0.03125