3 0.284375 0.546875 0.03984375 0.0484375
3 0.42421875 0.54921875 0.0359375 0.0484375
3 0.634375 0.55234375 0.03984375 0.0484375
3 0.70390625 0.55703125 0.04765625 0.05078125
3 0.35078125 0.55859375 0.0421875 0.0484375
7 0.4953125 0.56875 0.0421875 0.0453125
3 0.5703125 0.59609375 0.04375 0.05703125
8 0.284375 0.66640625 0.06015625 0.1625
8 0.49609375 0.67265625 0.06796875 0.1203125
8 0.42578125 0.67578125 0.06796875 0.14453125
8 0.35390625 0.67734375 0.071875 0.12890625
8 0.63671875 0.67734375 0.06171875 0.153125
8 0.70234375 0.67890625 0.06796875 0.15625
8 0.57265625 0.71015625 0.0703125 0.14140625