3 0.85 0.315625 0.15390625 0.1984375
3 0.4015625 0.43125 0.140625 0.20390625
9 0.17265625 0.51484375 0.178125 0.50390625
9 0.628125 0.559375 0.23359375 0.61484375
9 0.84921875 0.7890625 0.21015625 0.40390625
3 0.60859375 0.0890625 0.15078125 0.178125
3 0.15 0.09140625 0.14296875 0.171875
9 0.40234375 0.84453125 0.23515625 0.3109375
6 0.15703125 0.178125 0.096875 0.0390625
2 0.39765625 0.5546875 0.11953125 0.059375
2 0.6109375 0.16875 0.10390625 0.07421875
2 0.84296875 0.42109375 0.09921875 0.05546875