3 0.359375 0.30546875 0.0609375 0.10078125
3 0.4140625 0.31484375 0.071875 0.1125
3 0.03984375 0.334375 0.07890625 0.17890625
3 0.56015625 0.31640625 0.07109375 0.09453125
3 0.17265625 0.34140625 0.06640625 0.11953125
3 0.7625 0.321875 0.06953125 0.08984375
3 0.2328125 0.3921875 0.08515625 0.121875
8 0.5703125 0.51328125 0.1015625 0.21328125
8 0.4078125 0.54375 0.1125 0.27109375
8 0.765625 0.56953125 0.11875 0.315625
8 0.2296875 0.640625 0.1140625 0.340625
8 0.04921875 0.684375 0.0984375 0.4375
6 0.76171875 0.371875 0.06328125 0.0390625
6 0.55703125 0.36640625 0.06640625 0.046875
8 0.1578125 0.490625 0.0578125 0.12421875