3 0.1625 0.33671875 0.0609375 0.0640625
3 0.85078125 0.371875 0.0625 0.05859375
3 0.759375 0.38046875 0.0609375 0.07578125
3 0.24609375 0.3984375 0.0484375 0.05859375
3 0.58671875 0.3984375 0.05078125 0.05234375
3 0.434375 0.40859375 0.046875 0.06171875
3 0.67578125 0.41171875 0.05625 0.05
3 0.340625 0.4171875 0.04296875 0.05546875
3 0.51953125 0.4359375 0.0453125 0.046875
9 0.15234375 0.5109375 0.0953125 0.2375
9 0.8671875 0.51796875 0.1078125 0.22265625
9 0.765625 0.54453125 0.0953125 0.21640625
9 0.2453125 0.54921875 0.08984375 0.24296875
9 0.684375 0.56640625 0.0859375 0.2375
9 0.596875 0.57265625 0.09765625 0.2609375
9 0.3375 0.57421875 0.0890625 0.22265625
9 0.4359375 0.59609375 0.0921875 0.278125
9 0.5234375 0.59609375 0.0765625 0.21953125
6 0.16015625 0.36328125 0.04765625 0.02265625
6 0.24921875 0.4234375 0.0296875 0.02265625
6 0.3484375 0.43203125 0.0359375 0.02265625
6 0.44140625 0.43515625 0.0375 0.03359375
6 0.51953125 0.4578125 0.03203125 0.025
6 0.58828125 0.4203125 0.03203125 0.025
6 0.67890625 0.43515625 0.0375 0.02890625
6 0.75546875 0.4109375 0.03515625 0.02265625
6 0.853125 0.3890625 0.03515625 0.025