9 0.89921875 0.72421875 0.184375 0.48046875
3 0.1765625 0.14453125 0.1078125 0.1234375
3 0.528125 0.21875 0.11015625 0.10703125
3 0.346875 0.30625 0.103125 0.10703125
3 0.6765625 0.3265625 0.1078125 0.10078125
3 0.88828125 0.33359375 0.115625 0.10859375
9 0.153125 0.45859375 0.165625 0.3890625
8 0.53046875 0.54375 0.178125 0.384375
9 0.33515625 0.60703125 0.1671875 0.3734375
9 0.70390625 0.6640625 0.15234375 0.409375
2 0.1765625 0.19375 0.06015625 0.0546875
6 0.35390625 0.3515625 0.06328125 0.0390625
6 0.5234375 0.278125 0.08046875 0.03359375
6 0.6671875 0.38203125 0.05859375 0.028125
6 0.8796875 0.38515625 0.0734375 0.028125