3 0.13125 0.2015625 0.0625 0.075
3 0.303125 0.2265625 0.06796875 0.0796875
3 0.378125 0.25078125 0.06484375 0.08203125
3 0.725 0.25234375 0.07265625 0.07421875
3 0.4875 0.259375 0.06484375 0.08671875
3 0.8171875 0.2640625 0.08671875 0.08671875
3 0.20859375 0.26640625 0.075 0.0890625
3 0.5984375 0.315625 0.06796875 0.071875
9 0.12265625 0.3984375 0.0953125 0.21015625
9 0.715625 0.425 0.09921875 0.184375
9 0.4953125 0.43671875 0.0875 0.19609375
9 0.3734375 0.44453125 0.08515625 0.20078125
9 0.8296875 0.4671875 0.12734375 0.1984375
9 0.22421875 0.46875 0.0921875 0.225
9 0.6078125 0.50625 0.08515625 0.20625
6 0.134375 0.2421875 0.046875 0.04296875
6 0.215625 0.2921875 0.05078125 0.0296875
6 0.30546875 0.2546875 0.04296875 0.02578125
9 0.29453125 0.4046875 0.07578125 0.19921875
6 0.37734375 0.28203125 0.0390625 0.021875
6 0.4875 0.28515625 0.0453125 0.02734375
6 0.59921875 0.346875 0.04140625 0.0453125
2 0.72734375 0.2703125 0.0609375 0.0375
6 0.82109375 0.2921875 0.053125 0.03359375