7 0.78046875 0.20078125 0.15234375 0.11015625
3 0.1796875 0.21328125 0.1421875 0.153125
7 0.57265625 0.25625 0.1453125 0.1234375
3 0.4 0.303125 0.13515625 0.13125
8 0.79921875 0.690625 0.28359375 0.57890625
8 0.1609375 0.7015625 0.20546875 0.5265625
8 0.53515625 0.73828125 0.19921875 0.52265625
8 0.39921875 0.753125 0.18359375 0.49296875
3 0.58671875 0.78046875 0.20078125 0.25703125
2 0.78046875 0.28046875 0.14453125 0.078125
6 0.3984375 0.38203125 0.1296875 0.07265625
6 0.17734375 0.29765625 0.1421875 0.08046875
6 0.56953125 0.33203125 0.1359375 0.0875