3 0.13125 0.4265625 0.0515625 0.06875
3 0.64296875 0.43671875 0.034375 0.03671875
3 0.30234375 0.45390625 0.03828125 0.0578125
3 0.73984375 0.45390625 0.05703125 0.0625
3 0.3671875 0.45703125 0.04140625 0.05
9 0.7890625 0.59140625 0.09140625 0.171875
9 0.6609375 0.54140625 0.05546875 0.1140625
3 0.61328125 0.50390625 0.03125 0.046875
8 0.5734375 0.5703125 0.0421875 0.115625
8 0.35390625 0.55625 0.0453125 0.125
9 0.24765625 0.54453125 0.11015625 0.11796875
9 0.109375 0.528125 0.07578125 0.15703125