3 0.91796875 0.28671875 0.07265625 0.053125
3 0.134375 0.3296875 0.075 0.078125
3 0.36171875 0.3375 0.05234375 0.04375
3 0.44140625 0.35 0.05234375 0.0296875
3 0.7265625 0.35625 0.05390625 0.04375
3 0.246875 0.36171875 0.05703125 0.05078125
3 0.5953125 0.36015625 0.04453125 0.04609375
8 0.92109375 0.43984375 0.096875 0.1796875
8 0.4421875 0.459375 0.08125 0.121875
8 0.34140625 0.4609375 0.07421875 0.15703125
8 0.73359375 0.46328125 0.0984375 0.1109375
8 0.60078125 0.4640625 0.078125 0.1171875
8 0.13203125 0.49921875 0.1015625 0.19609375
8 0.2484375 0.50234375 0.1 0.1703125