3 0.15 0.1203125 0.08125 0.078125
3 0.2625 0.1875 0.046875 0.05
3 0.39921875 0.16484375 0.0484375 0.0484375
3 0.46484375 0.178125 0.0515625 0.071875
3 0.875 0.19375 0.04375 0.04375
3 0.9296875 0.08359375 0.08125 0.0765625
9 0.1796875 0.32578125 0.253125 0.3015625
9 0.265625 0.36953125 0.0625 0.1140625
9 0.39140625 0.30390625 0.0765625 0.1546875
9 0.4734375 0.309375 0.090625 0.190625
9 0.67109375 0.290625 0.1015625 0.190625
9 0.9046875 0.3375 0.11875 0.325
0 0.8859375 0.765625 0.078125 0.046875
0 0.62109375 0.64609375 0.0546875 0.0265625
0 0.68984375 0.6453125 0.0328125 0.025
0 0.4640625 0.64375 0.046875 0.034375
3 0.67109375 0.13125 0.0828125 0.053125
5 0.10078125 0.49609375 0.06171875 0.08046875
1 0.5265625 0.41171875 0.03828125 0.06328125
1 0.35 0.4296875 0.03046875 0.065625
1 0.41484375 0.40078125 0.02578125 0.0734375
1 0.8921875 0.43671875 0.03828125 0.0515625
1 0.61328125 0.40703125 0.04296875 0.071875
1 0.70625 0.42734375 0.040625 0.06328125
5 0.32734375 0.3109375 0.05546875 0.08984375
1 0.228125 0.459375 0.05703125 0.09609375
1 0.29765625 0.4453125 0.0359375 0.0734375