3 0.9109375 0.48515625 0.0453125 0.04921875
3 0.734375 0.53046875 0.04296875 0.0484375
3 0.8734375 0.53671875 0.0296875 0.0359375
9 0.93046875 0.6078125 0.07578125 0.1515625
9 0.75078125 0.609375 0.06484375 0.1046875
9 0.2875 0.61328125 0.07421875 0.1375
9 0.8765625 0.621875 0.04140625 0.11328125
9 0.59765625 0.62421875 0.08046875 0.13515625
9 0.46875 0.41796875 0.040625 0.07265625
3 0.28828125 0.53515625 0.0375 0.04609375
7 0.5875 0.53203125 0.0359375 0.03515625
7 0.45546875 0.36015625 0.025 0.0375