9 0.2140625 0.48671875 0.14375 0.36015625
9 0.82734375 0.51953125 0.13828125 0.39609375
9 0.328125 0.55703125 0.1640625 0.36953125
8 0.50390625 0.56875 0.13984375 0.3453125
8 0.6671875 0.578125 0.11796875 0.35703125
3 0.56875 0.13515625 0.0859375 0.084375
3 0.82421875 0.14453125 0.1 0.06640625
3 0.22421875 0.146875 0.084375 0.06640625
3 0.3640625 0.21015625 0.084375 0.071875
3 0.671875 0.2359375 0.084375 0.06328125
3 0.50703125 0.24609375 0.08203125 0.06640625
6 0.81875 0.2078125 0.08359375 0.04765625
6 0.671875 0.296875 0.08359375 0.04765625
6 0.56796875 0.19140625 0.08125 0.04609375
6 0.50625 0.30703125 0.0828125 0.04921875
6 0.36328125 0.26875 0.08515625 0.0515625
6 0.2265625 0.20859375 0.07578125 0.0546875
8 0.59296875 0.3375 0.07265625 0.13671875