7 0.3703125 0.25390625 0.08359375 0.08203125
8 0.54765625 0.4171875 0.153125 0.409375
9 0.725 0.478125 0.1125 0.38125
9 0.18046875 0.4953125 0.16328125 0.39453125
8 0.36875 0.4953125 0.12890625 0.28203125
7 0.5296875 0.0671875 0.09140625 0.06875
7 0.8671875 0.10625 0.0765625 0.07421875
3 0.715625 0.1390625 0.09296875 0.11796875
7 0.203125 0.15078125 0.07578125 0.065625
6 0.371875 0.28671875 0.078125 0.04765625
6 0.20390625 0.2109375 0.08203125 0.05625
6 0.53125 0.12734375 0.0859375 0.053125
6 0.8609375 0.17421875 0.0765625 0.0546875
2 0.71796875 0.1984375 0.09375 0.0671875
9 0.88515625 0.4296875 0.13515625 0.36640625