9 0.746875 0.59375 0.2875 0.178125
9 0.2359375 0.6 0.303125 0.178125
9 0.27265625 0.865625 0.2734375 0.165625
9 0.74609375 0.86640625 0.2484375 0.1625
9 0.7546875 0.2859375 0.265625 0.178125
9 0.26875 0.29609375 0.28125 0.1796875
7 0.2671875 0.1640625 0.11328125 0.071875
7 0.75703125 0.1625 0.1046875 0.075
7 0.23515625 0.4625 0.1296875 0.0828125
7 0.7375 0.45703125 0.12109375 0.08046875
7 0.27265625 0.74296875 0.11015625 0.07109375
7 0.74453125 0.74375 0.10234375 0.06875
5 0.16484375 0.96953125 0.059375 0.05546875
5 0.4109375 0.9671875 0.0515625 0.04453125
5 0.60703125 0.96328125 0.065625 0.05
5 0.88984375 0.96328125 0.059375 0.05