3 0.1703125 0.14921875 0.0625 0.090625
3 0.4765625 0.228125 0.0484375 0.0875
3 0.3171875 0.25078125 0.046875 0.071875
3 0.534375 0.26015625 0.0375 0.0625
3 0.3984375 0.26640625 0.0328125 0.0515625
3 0.6078125 0.29375 0.040625 0.090625
9 0.159375 0.378125 0.103125 0.2890625
3 0.7828125 0.39375 0.059375 0.0625
9 0.5421875 0.39921875 0.0484375 0.1875
9 0.396875 0.403125 0.0625 0.1921875
9 0.4734375 0.4125 0.09375 0.253125
9 0.5984375 0.4328125 0.08125 0.234375
9 0.315625 0.453125 0.09375 0.2640625
9 0.76953125 0.5828125 0.1078125 0.26875
0 0.68828125 0.7796875 0.05 0.0765625
0 0.2171875 0.78125 0.0828125 0.10625
0 0.1421875 0.853125 0.071875 0.0953125
0 0.66015625 0.75390625 0.059375 0.059375
0 0.61328125 0.71875 0.0515625 0.071875
0 0.284375 0.78125 0.0484375 0.075
1 0.10625 0.44453125 0.08515625 0.16171875
1 0.21328125 0.4234375 0.08515625 0.159375
1 0.27109375 0.48828125 0.05390625 0.15625
1 0.3546875 0.48828125 0.075 0.17734375
1 0.4265625 0.43515625 0.05546875 0.1375
1 0.52578125 0.44453125 0.065625 0.15625
1 0.66796875 0.62421875 0.03671875 0.10390625
7 0.66796875 0.3328125 0.05703125 0.10625