9 0.159375 0.378125 0.103125 0.2890625
9 0.5421875 0.39921875 0.046875 0.1875
9 0.396875 0.403125 0.0625 0.19375
9 0.4734375 0.4125 0.09375 0.253125
9 0.5984375 0.4328125 0.08125 0.234375
9 0.315625 0.453125 0.09375 0.2640625
9 0.76953125 0.5828125 0.1078125 0.26875
0 0.68828125 0.7796875 0.05 0.078125
0 0.2171875 0.78125 0.08125 0.10625
0 0.1421875 0.853125 0.071875 0.0953125
0 0.66015625 0.75390625 0.059375 0.059375
0 0.61328125 0.71875 0.0515625 0.071875
0 0.284375 0.78125 0.05 0.075
0 0.50859375 0.7375 0.059375 0.15078125
0 0.434375 0.7453125 0.0484375 0.13515625
0 0.3546875 0.7421875 0.0609375 0.1234375