3 0.48515625 0.13984375 0.0703125 0.0953125
3 0.0796875 0.190625 0.059375 0.0953125
3 0.21796875 0.26484375 0.0515625 0.1015625
3 0.6671875 0.271875 0.078125 0.1078125
3 0.35 0.28046875 0.059375 0.0859375
9 0.0828125 0.390625 0.1140625 0.2765625
9 0.01640625 0.40390625 0.0328125 0.1390625
9 0.48359375 0.42265625 0.1296875 0.340625
9 0.2296875 0.42265625 0.096875 0.2390625
9 0.14375 0.4296875 0.0375 0.159375
9 0.421875 0.475 0.0265625 0.1203125
9 0.30234375 0.48671875 0.0171875 0.14375
9 0.2765625 0.49375 0.0296875 0.10625
9 0.53125 0.496875 0.0484375 0.20625
9 0.384375 0.50234375 0.0515625 0.1625
9 0.178125 0.503125 0.01875 0.0859375
9 0.3421875 0.5046875 0.1046875 0.28125
9 0.65625 0.6171875 0.159375 0.46875
9 0.55 0.678125 0.05625 0.25625
9 0.7296875 0.74609375 0.0671875 0.2078125
0 0.034375 0.7484375 0.05859375 0.125
0 0.1078125 0.7421875 0.04453125 0.1125
0 0.19296875 0.7375 0.05546875 0.165625
0 0.25390625 0.753125 0.0375 0.19375
0 0.31171875 0.784375 0.06015625 0.1609375
0 0.36640625 0.8125 0.04453125 0.2
0 0.434375 0.90859375 0.05546875 0.10546875
0 0.49140625 0.92890625 0.05625 0.1421875