3 0.1640625 0.19140625 0.10625 0.11875
9 0.14375 0.45078125 0.1625 0.309375
3 0.5390625 0.1859375 0.1078125 0.1046875
3 0.84296875 0.12265625 0.1015625 0.08203125
3 0.4390625 0.7640625 0.1078125 0.1
9 0.35234375 0.671875 0.1625 0.3328125
9 0.84609375 0.4140625 0.16171875 0.31953125
6 0.8421875 0.16328125 0.071875 0.059375
8 0.55234375 0.43359375 0.17734375 0.24765625
6 0.525 0.21328125 0.07890625 0.04609375
7 0.35078125 0.39140625 0.10625 0.08515625
6 0.3546875 0.43984375 0.078125 0.04453125
6 0.1671875 0.2265625 0.08671875 0.053125