3 0.89375 0.22890625 0.14609375 0.1640625
3 0.178125 0.246875 0.1703125 0.18046875
3 0.32734375 0.3234375 0.103125 0.128125
3 0.5265625 0.31640625 0.196875 0.196875
3 0.68671875 0.2921875 0.15859375 0.17109375
3 0.765625 0.25390625 0.10859375 0.15546875
3 0.23828125 0.17265625 0.125 0.134375
3 0.08828125 0.3078125 0.0734375 0.084375
9 0.18046875 0.703125 0.1703125 0.56953125
9 0.50390625 0.76875 0.234375 0.4625
9 0.6859375 0.70546875 0.14609375 0.5390625
9 0.8671875 0.64765625 0.17109375 0.54609375
9 0.321875 0.590625 0.0796875 0.33203125
9 0.03671875 0.5484375 0.06171875 0.3109375