2 0.75390625 0.1109375 0.4921875 0.22109375
2 0.25234375 0.12734375 0.5046875 0.19296875
2 0.13515625 0.31171875 0.24765625 0.16796875
2 0.37890625 0.31015625 0.2421875 0.125
2 0.6109375 0.31796875 0.203125 0.10625
2 0.85859375 0.33515625 0.22890625 0.1171875
2 0.8640625 0.4703125 0.2640625 0.078125
2 0.603125 0.45078125 0.22890625 0.1078125
2 0.36640625 0.45 0.24375 0.0953125
2 0.13359375 0.44609375 0.2390625 0.1203125
2 0.11796875 0.559375 0.228125 0.1
2 0.35703125 0.58125 0.24375 0.10625
2 0.603125 0.58203125 0.2671875 0.1046875
2 0.86875 0.57578125 0.24296875 0.11875
2 0.85625 0.7 0.27265625 0.09453125
2 0.61171875 0.69921875 0.2359375 0.09140625
2 0.36640625 0.69296875 0.2515625 0.0765625
2 0.12578125 0.696875 0.221875 0.0875
2 0.1203125 0.8078125 0.22265625 0.1171875
2 0.121875 0.9234375 0.21171875 0.115625
2 0.36015625 0.934375 0.21640625 0.10078125
2 0.37265625 0.80546875 0.21953125 0.1015625
2 0.61015625 0.80703125 0.2390625 0.1015625
2 0.61328125 0.9234375 0.23203125 0.1046875
2 0.86328125 0.80078125 0.2390625 0.09921875
2 0.86171875 0.92734375 0.20703125 0.0859375