3 0.8078125 0.203125 0.1484375 0.1875
3 0.03984375 0.31875 0.0796875 0.14453125
3 0.1359375 0.340625 0.1203125 0.121875
3 0.32578125 0.28046875 0.1140625 0.1109375
3 0.5328125 0.3234375 0.0984375 0.08984375
3 0.48515625 0.40234375 0.06484375 0.09375
9 0.03359375 0.75 0.0671875 0.5
9 0.14765625 0.7296875 0.18359375 0.45625
9 0.5484375 0.63515625 0.1515625 0.3609375
9 0.83203125 0.66796875 0.2390625 0.6640625
6 0.03515625 0.37578125 0.04453125 0.03125
6 0.1515625 0.39609375 0.0640625 0.0640625
6 0.34609375 0.3140625 0.078125 0.0546875
6 0.55 0.37421875 0.0828125 0.0484375
8 0.35625 0.60703125 0.22265625 0.396875