3 0.7984375 0.16484375 0.184375 0.184375
3 0.5421875 0.2625 0.16796875 0.18359375
3 0.37265625 0.22734375 0.13515625 0.1828125
3 0.2421875 0.175 0.18359375 0.2546875
2 0.26015625 0.296875 0.11796875 0.16640625
2 0.35703125 0.34921875 0.11640625 0.11796875
2 0.54375 0.3859375 0.1296875 0.084375
9 0.11953125 0.68203125 0.2390625 0.6359375
9 0.35625 0.7390625 0.15703125 0.521875
9 0.5625 0.75390625 0.203125 0.4921875
6 0.7859375 0.27109375 0.13984375 0.07578125
8 0.8640625 0.60703125 0.228125 0.3796875