3 0.696875 0.2640625 0.11640625 0.11171875
9 0.54453125 0.47578125 0.1890625 0.38515625
9 0.346875 0.50625 0.16484375 0.46953125
9 0.73046875 0.54609375 0.16484375 0.375
3 0.38515625 0.1765625 0.11953125 0.10625
3 0.53984375 0.19453125 0.08515625 0.10859375
6 0.68125 0.28828125 0.05390625 0.040625
6 0.4 0.228125 0.07109375 0.06875
6 0.5453125 0.2453125 0.05625 0.04609375
3 0.9109375 0.33125 0.0484375 0.05234375
3 0.8515625 0.3390625 0.04140625 0.04453125
9 0.8578125 0.44453125 0.06953125 0.12734375
9 0.91640625 0.44921875 0.05078125 0.1515625