9 0.096875 0.4390625 0.153125 0.325
9 0.6265625 0.365625 0.115625 0.259375
9 0.76171875 0.3484375 0.1171875 0.253125
9 0.85390625 0.63359375 0.1234375 0.2265625
0 0.20078125 0.978125 0.0796875 0.04375
0 0.75390625 0.81796875 0.0609375 0.0421875
0 0.79296875 0.86640625 0.0671875 0.0484375
0 0.8796875 0.853125 0.034375 0.06875
0 0.65625 0.80859375 0.0828125 0.075
0 0.08515625 0.9734375 0.0578125 0.053125
1 0.7953125 0.6921875 0.0421875 0.0546875
1 0.79765625 0.76484375 0.05234375 0.05234375
1 0.2265625 0.40625 0.03828125 0.06484375
1 0.03984375 0.63984375 0.04453125 0.05234375