3 0.884375 0.24765625 0.22109375 0.18359375
3 0.66875 0.24921875 0.13828125 0.153125
3 0.5171875 0.32265625 0.1515625 0.175
3 0.153125 0.325 0.13671875 0.11015625
3 0.378125 0.33671875 0.109375 0.13359375
3 0.29296875 0.40078125 0.1 0.10078125
8 0.49140625 0.59609375 0.1890625 0.33203125
9 0.71875 0.60546875 0.15859375 0.37890625
8 0.10078125 0.70234375 0.2015625 0.40703125
9 0.909375 0.69765625 0.18125 0.60390625
6 0.1515625 0.384375 0.1 0.06484375
6 0.29921875 0.43671875 0.0671875 0.05234375
6 0.37734375 0.38359375 0.0828125 0.0375
6 0.5015625 0.39140625 0.090625 0.075
6 0.66484375 0.31640625 0.0859375 0.05859375
6 0.8234375 0.334375 0.046875 0.04375