3 0.8875 0.3296875 0.08203125 0.0703125
3 0.196875 0.34765625 0.06015625 0.0546875
3 0.47109375 0.36484375 0.0484375 0.03984375
3 0.54296875 0.37109375 0.0296875 0.0375
3 0.30546875 0.3921875 0.0484375 0.0546875
3 0.40078125 0.39609375 0.03828125 0.0421875
8 0.54609375 0.51484375 0.06171875 0.1796875
8 0.47421875 0.5265625 0.06484375 0.1921875
8 0.40546875 0.55 0.0546875 0.1953125
8 0.1859375 0.57890625 0.11484375 0.27265625
8 0.31484375 0.58125 0.08671875 0.2078125
8 0.9140625 0.58671875 0.11484375 0.3421875