3 0.15078125 0.6875 0.03125 0.03671875
3 0.59140625 0.68828125 0.05703125 0.053125
3 0.06875 0.69609375 0.03359375 0.03671875
3 0.40625 0.6984375 0.04765625 0.04765625
3 0.22265625 0.7109375 0.03203125 0.0328125
9 0.4109375 0.77734375 0.09140625 0.11640625
9 0.2328125 0.7875 0.05703125 0.1125
9 0.0328125 0.40625 0.065625 0.14140625
9 0.590625 0.77265625 0.07265625 0.10234375
9 0.31328125 0.61171875 0.03359375 0.0671875
3 0.31015625 0.553125 0.02734375 0.03046875
3 0.12109375 0.72109375 0.01953125 0.028125
9 0.11875 0.765625 0.0234375 0.053125
9 0.16640625 0.76328125 0.0359375 0.07578125