3 0.3796875 0.58203125 0.02734375 0.021875
3 0.765625 0.5921875 0.0296875 0.0328125
3 0.2984375 0.6046875 0.021875 0.02578125
3 0.45 0.6046875 0.0265625 0.02578125
3 0.90078125 0.60859375 0.0265625 0.0234375
3 0.62734375 0.6171875 0.01640625 0.03125
3 0.6890625 0.61875 0.01953125 0.0234375
3 0.23046875 0.621875 0.0203125 0.01875
3 0.5796875 0.62421875 0.01875 0.0234375
3 0.5171875 0.62734375 0.01796875 0.03046875
8 0.37890625 0.67734375 0.03359375 0.08125
8 0.2296875 0.7046875 0.03203125 0.09140625
8 0.29296875 0.6875 0.03125 0.0671875
8 0.32421875 0.709375 0.01796875 0.0625
8 0.446875 0.68515625 0.0296875 0.08984375
8 0.57265625 0.69375 0.01875 0.0796875
8 0.51875 0.70390625 0.01640625 0.0828125
8 0.61953125 0.67890625 0.01640625 0.07109375
8 0.690625 0.690625 0.0234375 0.0640625
8 0.7640625 0.68046875 0.0359375 0.10546875
8 0.8984375 0.68984375 0.03828125 0.09296875
3 0.3265625 0.63203125 0.0265625 0.02578125
6 0.384375 0.59921875 0.0203125 0.015625