3 0.13203125 0.35703125 0.0765625 0.08828125
3 0.03125 0.35703125 0.0625 0.10234375
3 0.3140625 0.37578125 0.05546875 0.05703125
3 0.46796875 0.390625 0.04375 0.0484375
3 0.6703125 0.39296875 0.04375 0.05703125
3 0.525 0.40546875 0.0359375 0.046875
3 0.7109375 0.428125 0.0453125 0.075
3 0.196875 0.42890625 0.06328125 0.0765625
3 0.5859375 0.42890625 0.040625 0.05546875
3 0.85078125 0.45546875 0.06171875 0.075
8 0.65546875 0.54453125 0.0375 0.16875
8 0.4625 0.55234375 0.078125 0.184375
8 0.52578125 0.55234375 0.06171875 0.16640625
8 0.31171875 0.559375 0.09765625 0.19453125
8 0.596875 0.5734375 0.06875 0.171875
8 0.69375 0.603125 0.06953125 0.234375
8 0.11640625 0.6046875 0.0984375 0.328125
8 0.2 0.609375 0.059375 0.246875
8 0.85 0.65625 0.09453125 0.25703125
8 0.034375 0.67265625 0.0671875 0.453125
6 0.31875 0.41171875 0.0421875 0.025
6 0.471875 0.41640625 0.02421875 0.03125
6 0.5234375 0.434375 0.03359375 0.0234375
6 0.66875 0.425 0.03046875 0.01328125
6 0.6859375 0.44453125 0.01953125 0.0171875
6 0.21953125 0.46015625 0.03125 0.025
2 0.8328125 0.490625 0.0203125 0.02890625