3 0.365625 0.259375 0.03203125 0.059375
3 0.6109375 0.27734375 0.04296875 0.05
3 0.5234375 0.2953125 0.028125 0.05
9 0.5 0.30703125 0.053125 0.07265625
8 0.41875 0.33046875 0.05859375 0.14296875
3 0.33671875 0.3828125 0.03828125 0.0703125
3 0.68046875 0.3828125 0.046875 0.075
3 0.59453125 0.41015625 0.04765625 0.0796875
7 0.20703125 0.45703125 0.0375 0.05
8 0.3328125 0.49765625 0.08125 0.17734375
3 0.090625 0.528125 0.053125 0.0796875
8 0.5859375 0.53515625 0.0625 0.18828125
8 0.23046875 0.55234375 0.06640625 0.13671875
7 0.10390625 0.60703125 0.04296875 0.05
3 0.765625 0.65 0.04140625 0.05
3 0.8125 0.65078125 0.0359375 0.075
8 0.11796875 0.68828125 0.08125 0.13203125
8 0.8828125 0.71484375 0.0828125 0.115625
3 0.490625 0.734375 0.0453125 0.08203125
8 0.7421875 0.75 0.07578125 0.140625
8 0.43671875 0.75078125 0.0734375 0.10703125
3 0.4046875 0.225 0.046875 0.05
8 0.6828125 0.4515625 0.0546875 0.08671875