3 0.33046875 0.53984375 0.034375 0.03515625
3 0.271875 0.54296875 0.03359375 0.03359375
3 0.56953125 0.54375 0.0375 0.034375
3 0.65234375 0.54453125 0.03828125 0.03359375
3 0.40859375 0.55390625 0.03125 0.03828125
3 0.453125 0.56953125 0.02578125 0.028125
3 0.48671875 0.5703125 0.053125 0.034375
9 0.26484375 0.625 0.0453125 0.11328125
9 0.56640625 0.62734375 0.059375 0.115625
9 0.31953125 0.62890625 0.053125 0.1203125
9 0.67109375 0.6328125 0.0765625 0.10625
9 0.4015625 0.64296875 0.053125 0.13125
9 0.44140625 0.65 0.0265625 0.109375
9 0.4828125 0.671875 0.059375 0.13046875