3 0.70703125 0.41640625 0.0640625 0.06796875
3 0.50078125 0.45859375 0.03125 0.0453125
3 0.4546875 0.4765625 0.04609375 0.04375
3 0.58515625 0.4765625 0.0296875 0.0359375
3 0.63203125 0.48984375 0.04609375 0.04375
3 0.2171875 0.5 0.05859375 0.04921875
3 0.36328125 0.50625 0.04140625 0.0625
9 0.57734375 0.55078125 0.04765625 0.0984375
9 0.50390625 0.5671875 0.0453125 0.13046875
9 0.71796875 0.58125 0.11875 0.2234375
9 0.4625 0.5953125 0.0625 0.17265625
9 0.6234375 0.59921875 0.0625 0.13828125
9 0.36171875 0.61640625 0.0609375 0.15
9 0.21484375 0.6234375 0.0875 0.178125