3 0.3984375 0.434375 0.0640625 0.06171875
3 0.25078125 0.4375 0.078125 0.096875
3 0.33203125 0.45 0.040625 0.046875
3 0.44921875 0.4546875 0.025 0.05
3 0.6625 0.459375 0.0328125 0.046875
3 0.5609375 0.46953125 0.0453125 0.05546875
3 0.7140625 0.478125 0.0546875 0.06171875
9 0.6625 0.51328125 0.0328125 0.10234375
9 0.33515625 0.5484375 0.05859375 0.13125
9 0.5671875 0.58359375 0.07421875 0.1609375
9 0.71015625 0.5921875 0.0703125 0.178125
9 0.41015625 0.61875 0.11875 0.26015625
9 0.240625 0.63046875 0.11875 0.26640625