3 0.2921875 0.40078125 0.12890625 0.15
3 0.87421875 0.4703125 0.06875 0.084375
7 0.16484375 0.4765625 0.0671875 0.10390625
3 0.528125 0.48515625 0.06328125 0.08203125
7 0.92890625 0.5 0.08359375 0.10078125
8 0.521875 0.6578125 0.11640625 0.23125
8 0.6890625 0.6921875 0.1203125 0.21796875
8 0.90625 0.703125 0.1328125 0.28359375
8 0.28515625 0.7640625 0.18125 0.4359375
8 0.78515625 0.55625 0.04765625 0.05546875
3 0.7828125 0.490625 0.04921875 0.0546875
8 0.13984375 0.60859375 0.0578125 0.12421875
3 0.0421875 0.48671875 0.05234375 0.071875
8 0.0453125 0.61328125 0.0578125 0.146875