8 0.60234375 0.48515625 0.06640625 0.11875
8 0.515625 0.49375 0.08828125 0.1828125
8 0.39453125 0.5109375 0.0875 0.15546875
8 0.83125 0.5203125 0.09453125 0.1796875
8 0.6828125 0.540625 0.0921875 0.16796875
8 0.27734375 0.55 0.05625 0.17734375
8 0.21171875 0.56875 0.10390625 0.29453125
8 0.94296875 0.6171875 0.1140625 0.4015625
3 0.5078125 0.33046875 0.06015625 0.04453125
7 0.81875 0.346875 0.05703125 0.06484375
3 0.2171875 0.35078125 0.0578125 0.059375
3 0.590625 0.36640625 0.03671875 0.04140625
7 0.3859375 0.378125 0.0421875 0.05
3 0.26953125 0.378125 0.04453125 0.059375
3 0.671875 0.38359375 0.0609375 0.04765625
3 0.97890625 0.31953125 0.0421875 0.09765625