3 0.21640625 0.19296875 0.09921875 0.109375
3 0.4953125 0.2453125 0.084375 0.08515625
3 0.3703125 0.25234375 0.08203125 0.0828125
3 0.6046875 0.25234375 0.07421875 0.090625
3 0.73984375 0.26796875 0.08984375 0.08828125
9 0.221875 0.471875 0.1703125 0.3734375
9 0.7578125 0.47578125 0.13828125 0.28515625
9 0.4890625 0.47890625 0.11796875 0.3015625
9 0.61328125 0.4796875 0.12421875 0.27734375
9 0.37109375 0.4921875 0.1296875 0.31484375
6 0.22109375 0.23203125 0.0625 0.03046875
6 0.378125 0.2921875 0.05859375 0.03203125
6 0.4984375 0.28359375 0.0515625 0.03046875
6 0.6109375 0.29140625 0.06171875 0.03046875
6 0.74375 0.30703125 0.05546875 0.03828125