3 0.46953125 0.19296875 0.0515625 0.07734375
3 0.61953125 0.19609375 0.0515625 0.084375
3 0.66953125 0.20859375 0.05390625 0.0828125
9 0.56328125 0.390625 0.0796875 0.27421875
9 0.33203125 0.396875 0.08984375 0.33046875
9 0.215625 0.4109375 0.103125 0.325
9 0.1203125 0.43203125 0.13203125 0.31953125
9 0.6796875 0.44296875 0.0875 0.28359375
9 0.4734375 0.44453125 0.10546875 0.325
3 0.4296875 0.11875 0.04609375 0.07734375
3 0.2015625 0.15703125 0.0546875 0.1
3 0.25625 0.1609375 0.0421875 0.065625
3 0.51484375 0.1609375 0.0421875 0.084375
3 0.3828125 0.16171875 0.05078125 0.07109375
3 0.3265625 0.1625 0.05546875 0.0734375
3 0.55546875 0.1765625 0.05078125 0.08984375
3 0.121875 0.184375 0.06171875 0.08671875
6 0.12265625 0.22421875 0.04765625 0.03125
6 0.203125 0.19765625 0.05078125 0.03515625
6 0.25859375 0.19765625 0.03828125 0.02734375
6 0.328125 0.2109375 0.03984375 0.03359375
6 0.390625 0.19140625 0.034375 0.01875
6 0.4328125 0.153125 0.0390625 0.02734375
6 0.47109375 0.2296875 0.0390625 0.02890625
6 0.51796875 0.1984375 0.03125 0.02890625
6 0.55390625 0.21328125 0.03828125 0.02890625
6 0.62265625 0.22734375 0.03046875 0.02109375
6 0.675 0.25390625 0.04140625 0.04375