3 0.0328125 0.3609375 0.065625 0.10625
3 0.13125 0.35859375 0.075 0.0828125
3 0.1984375 0.434375 0.059375 0.075
3 0.3171875 0.3796875 0.046875 0.05625
3 0.4703125 0.396875 0.040625 0.053125
3 0.52421875 0.41328125 0.0359375 0.0453125
3 0.5875 0.43359375 0.040625 0.0421875
3 0.6703125 0.39609375 0.040625 0.0421875
3 0.7109375 0.43359375 0.046875 0.0703125
3 0.846875 0.46875 0.06875 0.075
0 0.2125 0.9765625 0.059375 0.028125
0 0.30078125 0.9390625 0.0296875 0.040625
0 0.33671875 0.9328125 0.0421875 0.040625
0 0.428125 0.87578125 0.021875 0.0359375
0 0.48515625 0.8734375 0.0359375 0.034375
0 0.54140625 0.84375 0.0265625 0.03125
0 0.49765625 0.8375 0.0265625 0.025
0 0.56640625 0.86640625 0.0421875 0.0359375
0 0.60625 0.88671875 0.03125 0.0484375
0 0.6390625 0.86015625 0.040625 0.0328125
0 0.6734375 0.921875 0.04375 0.025
0 0.7015625 0.94453125 0.046875 0.0328125