3 0.2171875 0.33203125 0.08515625 0.1015625
3 0.8125 0.34765625 0.11015625 0.13828125
3 0.63125 0.3515625 0.09453125 0.08359375
3 0.5296875 0.36953125 0.08515625 0.11484375
3 0.1140625 0.36953125 0.1078125 0.08828125
3 0.365625 0.3734375 0.0875 0.11171875
3 0.73515625 0.43125 0.1015625 0.1015625
8 0.22265625 0.6109375 0.1234375 0.3515625
9 0.5265625 0.6171875 0.12734375 0.32265625
9 0.6296875 0.6265625 0.11875 0.31015625
9 0.34765625 0.63046875 0.14765625 0.33359375
8 0.11953125 0.6546875 0.109375 0.34609375
9 0.828125 0.6875 0.134375 0.421875
6 0.3578125 0.40859375 0.06953125 0.046875
6 0.2234375 0.38046875 0.0609375 0.02578125
6 0.61875 0.40625 0.046875 0.03671875
6 0.71171875 0.46875 0.0453125 0.04140625
2 0.51796875 0.4046875 0.075 0.04453125