3 0.38359375 0.8515625 0.0921875 0.1203125
3 0.365625 0.915625 0.14765625 0.16875
3 0.525 0.97578125 0.13125 0.0484375
3 0.2578125 0.32109375 0.08125 0.08515625
3 0.51796875 0.3265625 0.11328125 0.146875
3 0.37265625 0.34375 0.0859375 0.09296875
7 0.73828125 0.3453125 0.0953125 0.1546875
7 0.45625 0.34609375 0.02890625 0.08359375
7 0.68203125 0.3734375 0.0484375 0.146875
3 0.01796875 0.41015625 0.0359375 0.06875
7 0.9515625 0.5578125 0.09609375 0.16640625
3 0.0953125 0.690625 0.084375 0.12265625
3 0.1765625 0.715625 0.11328125 0.12265625
8 0.9546875 0.74921875 0.08359375 0.234375
8 0.790625 0.5515625 0.146875 0.2359375
6 0.72578125 0.3671875 0.059375 0.0390625
6 0.6796875 0.35703125 0.0359375 0.0359375
8 0.23359375 0.5203125 0.11875 0.29140625
8 0.3609375 0.5546875 0.0828125 0.26953125