3 0.2265625 0.275 0.0734375 0.06640625
3 0.578125 0.2734375 0.06640625 0.053125
3 0.803125 0.29140625 0.0734375 0.0578125
3 0.453125 0.29921875 0.0734375 0.05078125
3 0.37578125 0.30703125 0.06171875 0.053125
9 0.59609375 0.47578125 0.11796875 0.2265625
9 0.46640625 0.48984375 0.1203125 0.20234375
9 0.34609375 0.4921875 0.0953125 0.22890625
9 0.8046875 0.5140625 0.11328125 0.2375
9 0.2 0.51640625 0.13984375 0.29140625
6 0.5828125 0.31328125 0.0375 0.028125
6 0.2265625 0.309375 0.06484375 0.03671875
6 0.3671875 0.3390625 0.05 0.04453125
6 0.45546875 0.33515625 0.03515625 0.0203125
6 0.58359375 0.31328125 0.0515625 0.028125
6 0.7953125 0.33515625 0.0515625 0.03203125