3 0.14921875 0.13203125 0.18359375 0.1671875
3 0.5203125 0.15 0.10546875 0.11328125
3 0.86171875 0.2 0.19375 0.1578125
3 0.28359375 0.26328125 0.08515625 0.0921875
3 0.76015625 0.26484375 0.07265625 0.11328125
8 0.52890625 0.5140625 0.20703125 0.41328125
8 0.75703125 0.55625 0.12734375 0.31484375
8 0.15390625 0.56484375 0.25546875 0.41484375
8 0.896875 0.65546875 0.17578125 0.4671875
6 0.84296875 0.278125 0.15078125 0.0859375
6 0.525 0.2203125 0.10703125 0.05390625
6 0.290625 0.3234375 0.08359375 0.0453125
6 0.1625 0.228125 0.14375 0.06953125
8 0.33671875 0.54765625 0.09921875 0.315625